12 CAROLIS FRlDERlCIS owss

A 1,4,1ο,16,13,93,95,31,37,4ο
’ Β 6, 14, 15, 17, 19, 99, 94, 96, 97, 35

C 9, 5, 3, 996, 91, 39, 33, 36, 39

D 3, 7, 11, 19, 13, 93, 99, 3ο, 34, 33,

p: 53
8 ² 22f ’“-“ 30
Α 1, 1ο, 13, 15, 16, 94, 93, 36, 49, 44, 46, 47, 49
B 9, 3, 19, 9ο, 96, 3ο, 31, 39, 35, 39, 41, 45, 43
0 4, 6, 7, 9, 11, 17, 95, 99, 37, 33, 4ο, 43, 59
DQQQQQQQQQQQQM

Ι9261
gzzjzss .
A 1, 9, 19, 13, 15, 16,· 9ο, 99, 95, 34, 47, 47, 56, 57, 53

B 2, 7, 18, 23, 24, 26, 30, 32, 33, 40, 44, 50, 51, 53, 55
0 3, 4,’5, 14, 191 27, 36, 39, 41, 45, 46, 48, 49,’52, 60

“ D 6, 3, 1ο, 11, 17, 91, 93, 99, 31, 35, 37, 33, 43, 54, 59

p=w
gzffls=27
¹ Ἀ 1, 9, 4, 3, 9, 16, 13, 39, 36, 37, 41, 55, 57, 64, 65, 69,
71, 79·
’3593433333333333
mmmm* .
c 3, 6, 19, 19, 93, 94, 95, 97, 35, 33, 46, 43, 49, 5ο, 54, ·
0330
D 11, 1315, 91, 99, 96, 99, 3ο, 31, 49, 4344, 47, 51,
. 59, 53, 6ο, 69

 

